81909077 7187 176833 6481451313* 458754 17588181 176858 61455158 17689020 23715827581317,
879027 7113 176858 17718458 17684517 61455158 136890208154 61901084 45879017685810,
2768901358 6110581368 105894457110 7161 879027 17689020 879017 1058875827581317,
17689020 54901317 48586420718158 176858 2790108154, 20874881581313 13908458 849017685810**.
619010 2768581058 7113 136858 1390 61457110 2768901358 20875845105854 27908448
5471135445718713 176858 17718181456458 9061 176833 682013484587541033?
9010 276890 7113 6858 1390 61908754*** 27718181 4858 176858 17908448
9061 687113 13588161-81902358 1790 13179094 949013175810711733?
17689020 451017 176833 849017685810'13 6481451313, 458754 136858 7187 17685858
5145818113 48455177 176858 819023588133 4594107181 9061 685810 9410718458;
1390 17689020 17681090206468 27718754902713 9061 1768718758 456458 1368458117 135858,
54581394711758 9061 2710718777815813, 17687113 176833 649081545887 17718458.
482017 7161 17689020 81712358 105884588448'105854 879017 1790 4858,
547158 137187648158, 458754 1768718758 7184456458 54715813 27711768 17685858.

139087875817 1768105858 4833 27718181714584 1368457758139458451058