521393 39364952–87362690 628046 16335293463380521636338026 9333591646363329933352 97805936469390 521393 46164993 3697 8736293993521652165993 80565213364616528046168033164929.
8049 29562652163980465269 932693875216363349 493946938090 808746364949 521393 1026368393, 873656335246169349 62165213 46938049363380832669 978059364680832693 9036299349521687
87363390165216363349 (163387265690163310 299365168736, 393626803390, 4936565213 809746168780, 803390 528016628033) 109333934680262669 909329368746805216729390.
835652 29562652163980465269 46562693 80264936 9016979756499390 5236 29803369 495280529349 62165213 131610132669 5633978059364680832693 87363390165216363349 973646
909329368746808769: 162939365993461649139390 873656335246169349 62165213 90694997563387521636338026 495280529349, 52163369 291690902693 87268049499349, 803390 62938023
3639393649165216363349 803390 8716591626 493687169352169349 (49568713 8049 8393331633, 1380165216, 29809080108049878046, 803390 29802616); 39364952873629295633164952
873656335246169349 62165213 365993464916729390 495280529349 803390 56339093464916729390 39461659805293 49938752364649 803390 8716591626 493687169352169349
(80462993331680, 83932680465649, 465649491680, 803390 56234680163393); 3646 873656335246169349 87138046808752934616729390 8369 802626 3697 5213934993 87363390165216363349
(80268380331680, 8780298336901680, 3336465213 298087939036331680, 803390 46362980331680). 5213934993 62934693 873656335246169349 52138052, 808787364690163310 5236
339380462669 802626 9365164952163310 493687168026-49871693338793 4693499380468713, “491336562690” 13805993 83939333 80565213364616528046168033, 835652 9365529346338026
3946934949564693 873629399326269390 5213931646 932616529349 5236 399346291652 80 909310469393 3697 392656468026164929 803390 93269387- 5236468026 8736293993521652163633.
52135649, 46931016299349 52138052 6236562690 59934669 261623932669 13805993 83939333 365652- 4616101352 90168752805236464913163949 1633 80333652139346 13164952364616878026
87363352936552 839387802993 13698346169049 905646163310 521393 39364952–87362690 628046 934680.