6962153134 34851838, 18 6928387598, 316251 89 98184175 34857575 151834,
44857515 89 62826289153134 125131759879 44893485 34857575 21622834629575?
7218 89 151834 3485891595 1815 34857575, 44857515 89 791828821834
6212 1879 125131759879, 629898 345128621534 791828 348551 31629575?
448518 856234753485 34857575 34856234 89 7218 69629898 1251 792889751572?
1815 44851812 7928184415'3134 34851838 34856234 89 7218 79624415 38211815?
156251, 8979 34851838 98183828'3134 1815 1275, 7218 89 151834 3121751572
28754175158275 38211815 125131759879 44893485 21287531751534 12186215?
44856234 1275288934 7218 89 8915 125131759879 28753121756934
34856234 8931 3118 2128183872 348551 31752841896975 3418 72753121893175,
44857515 629898 1251 66753134 72183485 44182831858921 348551 727579756934,
691812126215727572 6651 348575 121834891815 1879 3485891575 75517531?
663834, 98184175, 85623475 1815, 791828 151844 89 95151844 348551 12891572:
3485183175 34856234 696215 317575 34851838 981841'3134, 621572 89 6212 6698891572.

311815157534 181575 85381572287572 7918283451-15891575 6651 44899898896212 3185629575312175622875